time_ms;rssi_unfiltered;rssi_kalman;rssi_median;distance_unfiltered;distance_kalman;distance_median;
12:16:18;-59;-59.0;-59.0;0.114504755;0.114504755;0.114504755;
12:16:19;-59;-59.0;-59.0;0.114504755;0.114504755;0.114504755;
12:16:22;-55;-57.8473;-59.0;0.06660846;0.09795299;0.114504755;
12:16:23;-63;-59.149456;-59.0;0.19684194;0.116846316;0.114504755;
12:16:26;-61;-59.579468;-59.0;0.15013108;0.12385395;0.114504755;
12:16:27;-61;-59.89226;-60.0;0.15013108;0.12921399;0.1311134;
12:16:27;-61;-60.1279;-61.0;0.15013108;0.13340451;0.15013108;
12:16:30;-58;-59.685173;-60.0;0.1;0.12563998;0.1311134;
12:16:34;-58;-59.339504;-59.0;0.1;0.11989315;0.114504755;
12:16:35;-58;-59.06723;-59.0;0.1;0.1155522;0.114504755;
12:16:38;-61;-59.457813;-60.0;0.15013108;0.12182986;0.1311134;
12:16:39;-61;-59.768307;-61.0;0.15013108;0.1270627;0.15013108;
12:16:43;-58;-59.41314;-61.0;0.1;0.12109489;0.15013108;
12:16:43;-59;-59.330288;-60.0;0.114504755;0.119743586;0.1311134;
12:16:47;-58;-59.063766;-58.5;0.1;0.115498014;0.1070069;
12:16:47;-58;-58.850777;-58.0;0.1;0.11221364;0.1;
12:16:48;-58;-58.6805;-58.0;0.1;0.109655246;0.1;
12:16:51;-77;-62.346073;-58.0;1.311134;0.1801571;0.1;
12:16:51;-77;-65.27772;-58.5;1.311134;0.26797917;0.1070069;
12:16:52;-76;-67.42258;-60.0;1.1450475;0.3583185;0.1311134;
12:16:55;-76;-69.13827;-60.0;1.1450475;0.45205596;0.1311134;
12:16:56;-75;-70.31071;-67.0;1.0;0.5298577;0.33838552;
12:16:59;-76;-71.44862;-75.5;1.1450475;0.6181523;1.070069;
12:16:59;-75;-72.15892;-75.5;1.0;0.68057764;1.070069;
12:17:00;-75;-72.72715;-75.5;1.0;0.7350264;1.070069;
12:17:03;-80;-74.18174;-76.0;1.9684196;0.8950907;1.1450475;
12:17:04;-81;-75.5454;-76.0;2.253934;1.0766697;1.1450475;
12:17:07;-77;-75.83633;-76.0;1.311134;1.1199424;1.1450475;
12:17:08;-77;-76.06906;-76.0;1.311134;1.1558087;1.1450475;
12:17:08;-77;-76.25525;-76.5;1.311134;1.1853269;1.2252798;
12:17:11;-79;-76.8042;-77.0;1.7190722;1.2768191;1.311134;
12:17:12;-78;-77.04336;-77.0;1.5013107;1.3188565;1.311134;
12:17:15;-82;-78.03468;-77.5;2.5808616;1.50838;1.4030037;
12:17:16;-81;-78.62775;-78.5;2.253934;1.634545;1.606506;
12:17:16;-80;-78.9022;-79.5;1.9684196;1.6964501;1.8395258;
12:17:19;-81;-79.32176;-79.5;2.253934;1.7956483;1.8395258;
12:17:20;-83;-80.05741;-79.5;2.9552093;1.9837857;1.8395258;
12:17:20;-81;-80.245926;-80.5;2.253934;2.0350912;2.1063447;
12:17:24;-84;-80.99674;-81.0;3.3838553;2.2529397;2.253934;
12:17:24;-80;-80.79739;-81.0;1.9684196;2.1929219;2.253934;
12:17:28;-83;-81.237915;-81.0;2.9552093;2.3277493;2.253934;
12:17:28;-84;-81.79033;-81.5;3.3838553;2.5085983;2.4118648;
12:17:32;-81;-81.63226;-81.0;2.253934;2.4554615;2.253934;
12:17:32;-81;-81.50581;-81.0;2.253934;2.4137647;2.253934;
12:17:36;-81;-81.40465;-81.0;2.253934;2.3809156;2.253934;
12:17:36;-81;-81.323715;-81.0;2.253934;2.3549585;2.253934;
12:17:40;-84;-81.85897;-81.0;3.3838553;2.53203;2.253934;
12:17:40;-84;-82.28718;-82.0;3.3838553;2.6832278;2.5808616;
12:17:44;-81;-82.02974;-81.0;2.253934;2.5912783;2.253934;
12:17:45;-81;-81.82379;-81.0;2.253934;2.519994;2.253934;
12:17:45;-81;-81.659035;-81.0;2.253934;2.4643815;2.253934;
12:17:48;-87;-82.72723;-81.0;5.0802183;2.848018;2.253934;
12:17:49;-86;-83.38178;-81.0;4.4366875;3.1120462;2.253934;
12:17:49;-83;-83.30543;-82.0;2.9552093;3.0800273;2.5808616;
12:17:52;-90;-84.64434;-83.5;7.626986;3.692446;3.1622777;
12:17:53;-89;-85.51547;-84.0;6.660846;4.1548676;3.3838553;
12:17:53;-89;-86.21238;-85.0;6.660846;4.5661664;3.8746753;
12:17:56;-87;-86.3699;-86.5;5.0802183;4.664637;4.7475615;
12:17:57;-88;-86.69592;-87.0;5.8170915;4.8752337;5.0802183;
12:18:00;-85;-86.356735;-87.0;3.8746753;4.656325;5.0802183;
12:18:01;-84;-85.88539;-87.0;3.3838553;4.368347;5.0802183;
12:18:02;-86;-85.90831;-86.5;4.4366875;4.3819284;4.7475615;
12:18:05;-91;-86.92665;-87.5;8.733262;5.029997;5.4361835;
12:18:06;-93;-88.14132;-88.5;11.450478;5.9295096;6.2246885;
12:18:09;-86;-87.71306;-87.5;4.4366875;5.5953465;5.4361835;
12:18:09;-87;-87.57045;-87.0;5.0802183;5.488305;5.0802183;
12:18:13;-83;-86.65636;-86.5;2.9552093;4.8491774;4.7475615;
12:18:13;-83;-85.92509;-86.0;2.9552093;4.391897;4.4366875;
12:18:17;-89;-86.54007;-86.0;6.660846;4.773398;4.4366875;
12:18:17;-89;-87.03206;-86.5;6.660846;5.1023254;4.7475615;
12:18:21;-87;-87.02565;-87.0;5.0802183;5.0978985;5.0802183;
12:18:21;-89;-87.42052;-88.0;6.660846;5.3779736;5.8170915;
12:18:25;-89;-87.73641;-88.0;6.660846;5.6130733;5.8170915;
12:18:26;-89;-87.98913;-88.0;6.660846;5.8085313;5.8170915;
12:18:29;-93;-88.9913;-89.0;11.450478;6.6530037;6.660846;
12:18:30;-92;-89.59304;-89.0;10.0;7.217955;6.660846;
12:18:33;-87;-89.07443;-89.0;5.0802183;6.7283382;6.660846;
12:18:34;-87;-88.659546;-89.0;5.0802183;6.360667;6.660846;
12:18:37;-86;-88.12764;-89.0;4.4366875;5.9185333;6.660846;
12:18:38;-86;-87.70211;-88.0;4.4366875;5.587055;5.8170915;
12:18:38;-86;-87.36169;-88.0;4.4366875;5.3352904;5.8170915;
12:18:42;-90;-87.88935;-88.0;7.626986;5.730561;5.8170915;
12:18:42;-91;-88.51148;-88.0;8.733262;6.234377;5.8170915;
12:18:45;-84;-87.609184;-87.0;3.3838553;5.5171747;5.0802183;
12:18:46;-87;-87.48735;-87.0;5.0802183;5.426877;5.0802183;
12:18:46;-86;-87.18988;-86.5;4.4366875;5.2125688;4.7475615;
12:18:49;-90;-87.75191;-86.5;7.626986;5.624866;4.7475615;
12:18:50;-93;-88.80153;-86.5;11.450478;6.484174;4.7475615;
12:18:51;-92;-89.44122;-88.5;10.0;7.0710473;6.2246885;
12:18:54;-94;-90.35298;-90.0;13.11134;8.00049;7.626986;
12:18:54;-93;-90.882385;-90.5;11.450478;8.59524;8.161401;
12:18:58;-94;-91.505905;-91.5;13.11134;9.35267;9.345192;
12:18:58;-93;-91.804726;-92.5;11.450478;9.738976;10.70069;
12:18:59;-92;-91.84378;-92.5;10.0;9.79063;10.70069;
12:19:02;-92;-91.87502;-92.5;10.0;9.832149;10.70069;
12:19:02;-93;-92.10002;-93.0;11.450478;10.136396;11.450478;
12:19:03;-91;-91.88002;-93.0;8.733262;9.838804;11.450478;
12:19:06;-100;-93.50401;-93.0;29.55209;12.259462;11.450478;
12:19:06;-97;-94.20321;-93.0;19.684196;13.477226;11.450478;
12:19:10;-93;-93.96257;-93.0;11.450478;13.045035;11.450478;
12:19:10;-93;-93.77006;-93.0;11.450478;12.709284;11.450478;
12:19:11;-94;-93.81605;-93.0;13.11134;12.788697;11.450478;
12:19:14;-93;-93.65284;-93.0;11.450478;12.509095;11.450478;
12:19:15;-92;-93.32227;-93.0;10.0;11.961365;11.450478;
12:19:18;-96;-93.85782;-93.0;17.190722;12.861258;11.450478;
12:19:19;-98;-94.68626;-93.5;22.539337;14.388487;12.252797;
12:19:22;-95;-94.74901;-94.5;15.013109;14.5113;14.030038;
12:19:23;-94;-94.599205;-94.0;13.11134;14.21983;13.11134;
